Last Updated  Thu Dec 27 17:49:34 HKT 2001           
               
               
   ID          HW1/10  HW2/10   HW3/9     HW4/11        Proj/100
__________     ________________________________________________________
 00800345       10      10+EC      7        11           85
 00807678        7        5      4.5         8.5        100
 00810405       10       10       7.5       11           85
 00810560       10       10      7.5        10.5         80
 00810651        8       10        6         8           95
 00811447        8        7      6.5        11           95
 00811643        7        9      6.5         8           95
 00811992       10      9.5      7.5        11           85
 00831289        7       10        7        10           80
 00831629       10       10      8.5        11           90
 00877439        7        7        6        11  
 00904488       10       10      8.5        11           90
 00937007        8        8      7.5        11           95
 00997227       10       10      8.5         9           90
 00997239       10     10+EC/2   8.5        11           85
 00997241        9       10        7        11           90
 00997253       10        8      7.5+EC/2   10           90
 00997289       10       10        8        10           85
 00997291       10       10      7.5        10           90
 00997318       10       10      8.5+EC/2   11          100
 00997447        10      10      8.5+EC     11          100
 00997473        7        7      6.5
 01807869        7       10      7.5        11           85
 01808019       10        8        7        11           80
 01809178       10       10      8.5        10          100
 01997121       10      10+EC    8.5+EC/2   10.5         90
 01997133       10       10        8        10.5         90
 01997145       10       10      8.5        11           95
 01997169       10       10      8.5         8.5         80
 01997171        8       10        8         8.5         80
 01997183       10        8      8.5        11           85
 01997195        8        9      8.5        11           80
 01997224        8      9+EC     8.5+EC/2    9.5         85       
 01997444        6       10        7        10           85
 95067689        5        7      6.5         7.5         90  
 95183471       10       10      6.5        10.5         80
 95220138       10      9.5        7        11           85
 96027208        7        8      7.5+EC/2    8           80
 96039940        6        7        7         9           90
 96116310        8        8      9+2EC      11          100
 96168454       10        7      6.5        10           95
 96221610        8        8      6.5         9           80
 96221725        9        6      6.5        10.5         95
 97067047        6       10      7.5        10           90
 97078101       10               
 97103669        6        7      6.5         7.5         95
 97140588        9       10        8         9           75
 97182627        6       10        6        11           90
 97247142        7       10      7.5         9           75
 98015077       10        8        9        10.5         80
 98031241        8       10        8        11           90
 98052491        9        8        7        11           95
 98063799        9      9.5        8        11          100
 98094516       10       10        8        10.5        100
 98140640       10        7        9        11           90
 98157887        7       10      7.5         8.5         95
 98198374       10        6      7.5         8.5         90
 98217675       10        9      8.5        10.5         85
 98226042        7       6.5     6.5         8           90
 98241523        7       10      6.5         9.5         95
 98241597        6        9        6         6           70
 98267917        9       10        7         8           85
 98283777       10       10      8.5         10          95
 98296449        8        8      6.5         7.5         75     
 99163247       10       10      8.5        11           95
 99805326       10        6        5        10           
 99806796        7       10      6.5         7.5        
 99808691        6        6        6         8          100
 99925281        7      10+EC    9+EC       11           85
