16838
5758
10113
17515
31051
5627
23010
7419
16212
4086
2749
12767
9084
12060
32225
17543
25089
21183
25137
25566
26966
4978
20495
10311
11367
30054
17031
13145
19882
25736
30524
28505
28394
22102
24851
19067
12754
11653
6561
27096
13628
15188
32085
4143
6967
31406
24165
13403
25562
24834
31353
920
10444
24803
7962
19318
1422
31327
10457
1945
14479
29983
18751
3894
18670
8259
16248
7757
15629
13306
28606
13990
11738
12516
1414
5262
17116
22825
3181
13134
25343
8022
11233
7536
9760
9979
29071
1201
21336
13061
22160
24005
30729
7644
27475
31693
25514
14139
22088
26521
5202
9171
4434
28317
24582
6815
4586
9653
26306
7174
18451
23448
6473
32434
8193
14110
24748
28210
29320
32049
12956
14162
4166
14997
7793
32310
21391
19799
7926
14905
25885
2582
15610
5000
8052
30965
20120
32380
15639
26204
24385
12475
15725
17265
3214
19471
11376
4697
25543
23297
14619
23087
3123
31549
18065
24256
18973
20901
25613
6157
9899
9267
22413
9598
18526
13711
10046
14566
18536
15988
19878
13626
4273
8387
1171
32017
3752
12388
21191
11483
18122
11744
18528
15585
5363
20159
5641
18176
9575
28578
27363
27685
29344
19489
17713
5511
21461
22626
8645
3496
26703
6270
13870
11529
27499
4500
8607
5808
15725
12457
16542
16474
11531
17222
3952
17024
19894
24015
18247
11276
26278
19365
8746
21976
18092
25851
29088
29163
2231
26233
29732
21106
5411
9874
5448
9344
27589
17574
1191
6789
695
11735
20364
17040
17892
5035
26979
1092
850
12390
20195
668
20531
29989
12281
23902
12970
32186
19571
3680
7261
26187
28529
24190
446
24233
13708
11863
6681
6001
2499
3786
5214
25829
1322
25907
19628
13192
7505
5990
20129
10875
19829
31591
12388
6042
9833
1775
4719
342
28994
31392
20509
31313
20677
1282
11511
4795
3474
6469
2750
879
30989
30134
29752
28364
4880
5629
2235
21332
24145
3356
5243
3079
3988
807
24979
31357
914
21187
3540
14022
10149
609
29009
24833
16696
5432
24999
28863
16369
28676
24077
7701
1691
19840
28703
16515
22229
32420
19817
16264
19324
29343
1462
28929
3546
17043
18967
325
12683
15634
6322
16642
25395
11612
22864
29910
21985
23126
13988
685
6978
31050
16476
6365
21126
4193
8681
11011
23058
1249
31247
24731
28650
20774
7980
20833
27868
7778
23624
11115
1645
15892
29408
7939
17285
16202
28018
11334
4058
7062
3784
11901
6684
14289
27141
16702
26853
13458
28528
23363
21087
19052
31235
15109
17075
11755
10675
288
32053
14157
5758
5222
17488
18945
10294
11200
5171
14305
7951
6601
23608
7214
6377
13865
25369
27215
8030
177
16849
11337
2699
23099
8531
11517
17567
28479
9966
2597
14885
12341
15227
27149
785
29615
6476
20753
4236
7730
19668
21210
27519
27608
5142
6999
20449
14246
18638
2941
12481
23726
16738
26047
28947
3300
21639
17996
23866
14785
27571
25356
12633
27289
20551
20312
14426
7357
8056
16252
20410
2384
4353
2029
23579
27882
31882
21577
31368
11502
18902
21012
31365
30379
14256
19244
27870
13365
9619
27665
21293
29441
19484
12759
15400
6211
4144
15335
22704
32520
23789
32121
21913
23571
12369
2770
1594
887
18093
32317
11188
27640
4295
12490
25859
3106
24786
17097
5062
27943
31247
12292
16846
3962
28479
27584
21352
32044
31695
16498
4714
9737
17346
28482
24064
24946
9822
19265
2868
12792
3990
19561
16959
9917
29754
22104
25745
30347
25825
11980
18338
12465
25490
24541
20599
8097
26677
510
15347
14667
16316
10673
8163
14647
12817
29965
28871
16485
6846
29937
6241
5861
24670
28166
26879
27445
30407
11638
31113
11101
22516
28014
13898
21452
8117
1364
12926
20465
13845
25032
1696
18585
13455
92
18288
31755
29167
27412
25030
31717
24842
28572
26393
27828
11805
3660
5838
9046
18182
23772
12354
15377
14885
22759
22934
1903
6159
26145
10045
26847
17401
29783
4167
781
24287
2347
23402
19964
14711
10637
20693
29417
30937
24313
15541
2528
23019
21618
3716
5402
16270
18242
8468
22045
30602
18286
30559
22674
25146
1019
31243
20197
26870
7908
448
7327
28485
17622
14890
10883
10943
1201
10701
24682
3524
8895
27276
24798
12511
25522
24311
25209
26359
2912
28759
17148
26683
2877
8571
12334
16331
7324
577
635
26663
17061
20451
9544
16984
28693
19975
10519
21472
19641
9349
23391
30563
22184
19958
41
27666
23363
25344
2410
28635
1006
20068
26660
20562
29323
13764
21307
7773
10683
9013
8216
28834
15571
15241
2303
24754
928
3417
32048
12018
19931
17621
22209
14669
21098
20555
4662
12444
22109
16760
25574
14544
18339
30610
18189
24549
18320
24081
25264
6022
24847
19521
24628
7552
26278
20873
4029
32489
13359
31352
30279
8717
20560
23189
8583
795
10687
26339
23935
3988
27703
27958
10212
19567
10553
13368
32047
13068
20611
4154
23429
28895
13393
30908
5960
30169
5462
27323
23929
32149
29305
9149
32724
32584
6224
413
26281
12389
11357
4887
17532
1555
12299
9490
26460
24911
14183
22704
17412
20961
20382
3608
5811
7168
20794
12286
13771
27844
6684
11255
29227
26960
27448
9086
8526
1211
26131
8645
11552
18627
26110
25149
17828
32048
12559
29668
4167
23050
15588
17746
28929
12410
791
25985
18737
13952
8576
1375
18485
24922
16941
1557
10700
31408
1826
8213
32301
23680
30161
28390
22500
32716
7768
28079
31599
18949
31357
12421
27804
17717
16490
26228
30112
12016
9512
28751
1015
2553
19164
6200
30464
7859
22212
13806
15444
5710
27377
19417
21994
7341
32706
26839
9707
13593
22820
23236
7254
11688
5003
32203
8788
23915
1199
13424
24408
6490
27655
21593
13310
3072
12038
5087
1697
23526
7448
17497
15802
19649
30555
25891
1020
18267
14366
23408
12848
29762
22042
23252
31440
21810
32626
19088
13158
2370
2156
13213
22434
10193
2541
887
8766
24112
27574
12206
22418
15373
22113
1582
7670
23202
18714
13897
32731
19105
20253
24201
29608
29918
4338
11064
1366
22970
15723
20907
32202
23379
1626
29779
9206
32365
11539
15233
29614
19999
23205
12028
26186
20029
16343
7237
10497
10377
14564
5540
23808
152
28918
22011
15693
6790
16740
5446
18015
16473
18604
6645
15225
4662
29999
4842
9674
11590
32687
1616
10566
21862
4489
24865
19266
3473
4785
29558
1746
19213
23410
25997
19171
12120
17891
29084
15895
29905
23336
28248
25699
31271
6254
30276
619
6274
1956
14266
23192
12403
10234
14779
8191
6556
25114
8566
15090
24863
1065
17561
15202
712
380
5211
5371
2297
29210
11590
253
16217
3574
6085
8667
25660
8169
1393
17558
1232
11377
5916
23512
28685
18476
30617
4304
27738
23058
22353
1488
7168
17781
5255
9896
15439
14266
7270
8896
11154
5589
20688
27895
25012
17798
32485
23871
18351
20053
12885
20469
6584
3662
29030
24321
16428
32381
11716
4274
19256
17192
30220
6230
32075
975
13335
1180
4157
18148
1031
30635
8508
19786
28690
17662
28539
10640
7441
4358
22937
3818
13255
20093
17873
5107
4850
13708
24807
25893
5652
4252
24526
8980
31998
31484
12313
26733
16417
27959
17192
13234
23956
13107
24591
12467
27364
10250
10309
7627
30623
21416
15121
18656
3231
17961
9140
24600
21527
19695
32343
4700
13919
23942
32691
15245
30591
21049
19330
6281
8573
21617
17833
16092
18279
4304
18978
21574
27935
4369
30635
16881
8169
22430
31024
24431
2998
6382
31225
20853
6446
11941
12436
6233
24703
8297
11392
2637
31976
24197
21150
13657
3332
2624
13400
25882
27607
26619
11662
18492
28314
22285
30021
29113
13126
27487
3342
12750
19426
1222
15160
706
21133
36
31669
1366
12875
24125
5069
18699
12431
31833
13444
23574
908
15007
22476
24356
316
11308
17515
6350
13101
11510
25770
17626
23310
31076
23491
6967
13309
9129
1544
19127
31886
740
20435
25482
5531
30713
3889
28030
16846
9261
19533
9720
20975
28035
9374
8625
18926
27866
13520
20018
19120
8643
13683
3853
19610
2084
13926
29409
30430
27534
9474
15371
8072
5213
2310
14636
16455
10901
9285
10591
27644
27255
24849
10295
4356
1766
15206
23931
5190
21885
4310
27809
4347
8301
824
24587
18752
14871
23056
3075
4957
11885
3773
9592
20435
11785
28517
2166
13351
3850
1185
27239
30321
32690
9703
29707
9635
18112
26811
32569
15002
11662
22165
29779
11750
28651
5521
906
7770
19894
28633
13783
21586
6719
26066
4532
11719
25949
14089
20382
16148
6735
3548
23116
13445
12371
14824
5804
16549
18696
9526
12194
9028
22660
28708
24960
5450
13109
24597
323
9535
7544
3288
15251
20630
14587
30937
18297
26044
27603
10
2270
31461
7516
18831
24263
1425
25812
10284
6482
24288
1463
5487
21360
16539
21976
13213
11360
1790
26948
605
7407
17223
8150
12838
25713
27391
28826
17002
18813
12299
3810
22143
10860
19825
17706
27986
6544
21739
8621
26570
309
18734
20675
2557
2905
4343
16641
25365
18730
3802
27919
18433
22084
27082
26439
19675
29607
21095
787
26908
22138
20747
14339
12930
9857
26771
6833
23228
26720
6637
1877
23515
20365
5222
23079
32633
13334
7857
20856
11431
10264
1206
30095
10392
26875
5664
8772
13838
10350
421
3678
16264
26918
6420
27822
30760
27478
18976
744
8038
25837
22510
21060
21367
402
8544
11736
7803
26208
31
23220
10857
13665
3179
5563
18363
19660
20898
6980
13017
15870
16273
3188
17478
14394
25726
20057
30604
25377
15345
16071
29928
25840
7750
23283
2486
4219
7412
13265
15259
30445
22427
19501
25204
22845
5583
15499
29953
13679
12711
14528
29777
27535
7940
21325
8685
13934
7073
6782
27844
29723
21471
27463
16602
31264
2126
5593
9647
29058
32763
12295
22384
30326
21372
12636
18144
30691
23740
13560
11268
4764
22407
32047
6033
25690
32468
5344
12054
4730
13014
10901
32745
124
29633
351
5331
29239
15708
4975
14971
5597
3915
17012
7827
12723
11802
12728
13764
29069
26889
9722
5210
4106
28826
1801
9647
22421
2523
24357
28249
14103
10868
29717
17683
26236
18799
22024
11884
22252
28874
44
18225
27334
23486
26384
27035
12636
11725
4282
31033
8817
3726
4744
412
5491
13880
4295
5060
28792
14064
7189
3661
19195
3794
2167
15449
83
20161
6713
30524
28151
25071
9353
14058
22899
16939
30162
15649
14889
9454
11737
18262
25288
27940
22938
29537
18062
28090
28896
17128
22077
18667
4519
27019
12510
30795
5425
20948
9273
18832
23274
1245
14607
23587
25853
24766
18206
27499
8882
18877
19666
29140
1166
16949
1739
28833
13865
5442
787
26743
6605
50
11291
20133
25043
1707
1914
2868
25534
23964
9318
19378
276
6372
30190
14015
16896
1989
5373
19540
32169
27655
9743
32470
11344
30700
24240
20703
16172
16087
26297
967
6661
1211
4426
8948
2706
6212
10630
30694
22932
9160
20241
13057
20911
8428
7755
21785
22539
23318
8265
9664
29358
11414
16023
16975
22679
25235
14000
4533
26523
29623
18746
10498
7169
30106
8450
27826
26076
31984
11706
31418
30763
21617
28276
10580
28081
13963
26589
9867
24469
30154
16954
1157
18874
16387
19236
16020
22748
26692
22275
763
32367
25467
15948
19840
26168
25577
29306
7862
10664
16196
26318
23559
23803
2991
18630
9347
21013
8026
17501
9836
11543
24313
20488
16765
9924
1766
15469
510
6295
23317
993
16521
11936
27067
5544
29337
23330
19646
6380
30680
26606
5595
25465
28709
16766
20889
8254
26215
22480
19697
24964
23572
12552
2490
6891
384
2501
3542
16169
9958
7999
31007
32130
12856
32549
3599
23303
9638
31032
6449
9102
752
3751
25419
28277
5996
31529
6728
13078
31958
13277
23784
10504
23259
30689
21798
28699
13668
20148
3436
15378
21411
4172
27769
30
3038
21238
1038
22047
32766
23282
7772
7578
5846
26570
13869
3704
15925
31606
17876
15236
16810
30513
6358
16546
16922
10777
3157
6352
6659
11657
27200
22494
14989
11063
19260
17389
19797
26892
11089
2729
9977
14022
7509
3654
22115
6480
18713
1596
23766
20444
8277
28609
23226
3782
30291
2571
15655
3113
26206
23106
14387
14909
13546
29511
6652
19319
6016
32039
17012
23646
3952
14429
19439
24367
17204
30923
12398
9520
678
21623
30633
8660
25058
518
14814
17300
5881
8953
860
32392
1626
30121
25806
25799
10753
11011
15432
26756
16221
23556
787
9189
26626
23283
11321
17058
10515
23650
24527
26978
30061
13282
7941
14038
11924
8329
7407
14993
18526
25893
22544
32174
31585
10301
16555
31008
12829
22475
30666
5591
7402
3260
29451
4760
6304
10787
4397
27545
21512
13377
27486
8159
24581
6966
28482
28760
5762
30083
3523
29880
1051
26183
2715
8724
16523
11061
14499
7999
25048
3672
11993
744
30272
14214
16946
22384
12513
6565
20517
140
13612
30625
9716
24223
11528
15657
4280
19412
5573
10028
25140
20223
28615
30743
30294
8241
15599
13259
1420
23325
31176
8032
20429
31534
32118
156
27746
32100
27743
22833
19064
17394
10646
6586
11879
6041
29452
2164
14272
25282
5237
22460
15385
606
23803
10316
663
18558
17318
29493
11328
3249
26246
6044
21758
26145
20645
2100
14706
27500
12976
21631
28030
5187
31327
2500
28561
6341
29866
10191
9393
27289
26282
9579
2378
9165
18767
16544
8888
1906
5063
5805
32150
28660
16553
16324
17604
18234
31205
27272
15674
25729
5997
13127
12944
27640
23711
13047
8265
3100
8313
498
9187
13522
19579
10865
927
9286
24155
18122
22032
25989
22635
18281
5734
7388
19659
7312
12664
15856
28494
16334
22419
1946
23085
22848
7940
24968
29038
31883
17255
30613
4370
14741
3502
12003
29185
32006
12528
20670
29110
31874
10231
1840
10410
10915
24456
1892
31618
28344
14704
1467
4855
7231
13395
20400
26249
26148
17460
10092
17891
18872
10179
15656
3341
11632
18026
25159
28500
12130
25366
21039
1273
24447
12230
11499
1948
24977
3540
32642
26982
13044
1798
30228
13049
4116
19284
5050
21529
13738
16247
3099
21271
31157
26678
6862
1793
30778
15984
29812
18571
20412
14312
11664
17852
10619
4307
13101
25688
2412
8739
12590
24337
8699
20625
627
2412
10115
24685
1713
26228
24457
14885
31246
32290
26556
27543
10879
7559
28845
29206
9954
28095
26702
6462
17370
3478
20524
31352
4718
6647
15212
26956
9313
20761
12423
22634
14927
15463
27333
886
14220
3379
14203
27030
30652
6171
27396
25789
25138
6967
10624
27062
22281
15112
32591
15600
20997
25120
1356
10252
24359
28561
3273
31783
15634
24598
3919
27879
18720
24068
24082
4167
4419
25582
19766
3875
10142
24091
22212
21123
5087
30377
29034
14759
32354
30845
5878
9430
28935
29938
13969
24807
18895
6205
3771
16268
15161
22690
11018
26722
30303
27736
418
11961
23247
12861
27763
30755
18474
31034
31286
32702
28031
21108
21285
577
12901
23095
11645
7881
5594
9123
3508
30817
7903
13076
20090
25683
15055
13139
11378
12593
9603
20862
20909
21154
14120
27575
7403
32238
13275
32399
8336
839
30985
32049
5479
28637
9353
78
15642
17568
4470
30668
28781
19923
18126
19246
21822
26453
13260
5313
30781
14766
22021
25484
18027
15324
9540
12277
8788
1500
24871
28467
4363
16375
7286
29047
15082
15057
8774
30426
15367
31795
4306
9989
117
19603
17940
22434
10303
4457
31271
19846
12069
49
9052
25755
21524
30270
30
19087
31847
325
25222
14398
3808
25765
6589
21984
612
10103
5397
13810
7290
30554
7398
4837
7042
27643
15658
15241
18613
30567
15832
23096
11744
3856
17665
706
27360
22944
32427
13084
26332
28033
26225
12999
22853
27689
3799
32002
26255
1574
622
8623
19628
13293
6827
18693
23373
12130
26760
17915
13271
31271
2776
25456
3367
31909
3691
22554
30470
2523
13285
3381
22891
21481
14175
9191
11123
7515
30139
25973
7713
13110
3015
2600
14037
31685
19225
765
5518
9760
8356
12815
25311
18049
18718
15813
8626
27462
28434
27323
24768
30405
3780
10354
1996
18900
15304
15542
15522
2835
9313
14803
7123
5888
28314
11127
16685
25784
19238
9829
23549
27534
23033
9951
19204
21837
15523
27088
31802
2381
29295
11453
3140
23608
23103
106
25015
28826
30245
6732
16394
5162
19650
20658
3677
9690
1119
11697
19948
20640
5069
17620
31825
9986
9468
14208
23933
27492
1374
5161
26997
4369
16377
31799
22988
16907
15694
15542
4836
30099
1262
17856
25827
25463
31957
11434
24695
24606
17037
9457
15178
27988
31235
7139
68
3030
11816
25357
1924
6557
8007
5480
29212
18667
6953
9026
9614
31766
15082
12526
778
4631
8857
13355
22117
28626
7827
31829
14553
21027
15004
4429
25471
13484
11970
5417
11661
22881
15858
5276
12879
15568
25175
29220
23271
817
25462
22518
18372
10802
12811
23721
21987
2943
9633
18084
15304
31763
30707
6729
31291
5185
6661
24286
7363
27777
16130
17984
1508
23291
14548
9030
17175
32213
645
23286
9357
7741
5209
15466
5284
14389
23975
27520
27430
13090
123
19013
14404
5906
10990
3359
17237
19152
10816
26044
14670
9898
5050
28862
18176
26621
8006
21027
6933
20869
4042
11382
3016
1126
17737
24247
23655
24057
21689
13579
24202
26199
16802
30755
27409
7080
13691
1902
28383
9769
20676
27134
1880
16638
29154
571
27291
25533
3519
20554
6015
30902
30238
28475
2383
11268
10686
14581
27462
8021
2614
15585
1993
3705
5003
30041
28518
12459
29074
26575
5008
25250
3849
7101
20760
25943
31347
5200
9835
15765
15543
14548
4494
66
32119
22494
20954
5999
4401
12603
2423
19489
19736
12956
31385
8413
15536
21245
23677
18677
5420
14554
1058
18581
647
5905
23752
2445
10852
27797
27690
28892
167
4825
24186
16640
18895
18166
22048
21760
26394
6562
31539
53
18519
29137
1716
7900
8073
3624
17805
9053
12864
12582
20300
11353
25783
25618
27806
28534
23214
31906
27022
1258
18950
20848
20347
24520
23326
18717
17115
32525
13040
12354
178
9066
746
539
14288
5583
14989
4082
14797
19132
14023
13133
16325
28231
2833
30423
16084
9452
16456
25103
2128
3351
9548
21426
12745
19827
3419
5865
194
15344
6187
7986
22060
27030
24521
5904
21926
7949
10292
11634
17527
5608
27832
19941
23623
31413
26380
12152
3488
965
27691
26227
28200
10428
15091
25783
20124
18135
6270
5363
13452
15872
22084
31884
13273
21139
7661
4169
25582
24558
7927
10178
27841
10171
31244
15238
26504
18941
1568
23055
3900
12763
19278
32614
31951
815
20336
15254
27436
21710
4224
21458
16114
17301
18610
19045
19952
10808
22605
31070
8800
2506
29005
11255
13796
28428
24762
25289
24642
24693
4550
11954
30174
8453
9897
20098
20987
21450
17213
31592
18609
19503
25945
4127
15533
5896
26349
30424
21675
2141
1506
2534
3252
23034
3503
21292
7960
9907
32443
22086
299
20087
20342
20858
28607
3868
9013
8541
18277
24036
4817
13125
9314
19922
25343
12914
1651
3759
17518
23547
29761
20699
31139
9594
23202
6612
32404
8823
9110
21896
3590
21653
16636
12379
8358
21118
10007
1526
16874
29072
29381
28885
22181
24132
14201
18063
12653
20322
12541
3300
4269
16359
21738
13193
25224
23474
32738
7858
27252
2801
14996
20067
9363
18509
21101
11895
720
11736
16926
23405
24510
25778
9683
26614
17200
25471
14125
28479
21656
10121
3331
32766
5921
21684
6877
11326
19338
26661
11308
18923
5064
27057
22347
12317
13403
18439
9270
32036
3948
19358
25357
12632
13740
19548
28230
10909
10475
5643
21685
19640
11386
10108
10045
25173
16194
14457
26196
724
7073
12908
19256
2263
22792
2000
26867
25997
2901
5723
24847
23739
31729
32744
10266
30095
22697
9766
5592
11300
29773
13571
15691
12244
29963
26582
18531
14913
3209
30031
21381
19234
5572
19999
1214
21711
13483
6758
23236
9611
21370
8672
28592
6547
6615
2767
11133
25066
14767
7080
8768
27618
11727
27517
6693
13674
17986
11565
29997
6683
7789
333
31401
25857
22763
31445
15478
13097
15657
17035
5110
29423
4801
1328
29393
3076
22167
6251
880
31810
9654
633
21814
29999
31208
20626
4220
18003
5143
26650
28243
8250
12390
16013
28665
31815
24591
9255
4631
13631
9467
3414
30656
7313
11043
1760
18730
6246
15273
16596
16938
5741
17845
23602
11377
24420
6416
26458
16777
5989
11907
13621
12429
30454
6637
31525
17323
2254
551
25005
24923
30824
15000
29664
25948
15690
23191
6539
3443
12050
28292
2081
30179
20037
7844
22123
25003
19927
26560
7916
19074
10618
16765
23829
29843
21671
20090
28973
504
20077
29228
30462
16888
9724
26744
23360
14337
15344
15125
23495
5732
19551
12448
24172
10450
3489
4476
19131
27290
28642
24176
21089
17568
18792
21758
21587
12061
31653
23940
18111
13080
23804
16149
21428
1960
29523
13589
5264
18150
19293
17046
6189
30388
30885
24437
8138
24881
2649
23348
16059
30968
220
4502
18640
17691
4105
19709
15239
4322
14920
29315
3569
23363
4179
21466
4964
16929
8646
17124
23782
25925
27240
17169
17748
32029
18492
29820
5206
8503
17990
5317
25603
31355
18461
12717
13651
23851
25141
26995
24392
1692
27369
21744
17628
31410
4171
30580
32169
15644
32428
20575
23898
25173
25578
27263
1493
13398
23420
1325
28710
26395
3902
13094
6186
6364
6397
2858
14080
6664
28866
18007
14383
14593
29663
26690
21911
3482
20666
19674
1561
82
25436
14333
11014
2381
20153
17111
10312
25366
24253
17151
21331
11543
32539
1872
25801
14804
21205
1671
22768
1258
14474
23457
27348
3275
18306
11250
5691
3126
4474
21253
19533
20345
13616
28727
18176
8550
3503
12818
10053
3095
2648
31594
18932
26977
31668
15930
32632
32537
24827
10300
4666
8969
611
32074
18382
8880
25642
15223
18656
27325
24162
25836
7133
10826
25984
2948
7777
28121
20386
31271
10595
28175
8868
6119
19490
3634
14049
24796
18894
18020
15049
4288
17911
30109
25383
23369
19382
22378
21551
20042
7070
6503
3915
14728
27744
19581
29090
14429
2624
11740
3948
14607
315
951
30713
7662
15861
2498
11898
21551
20836
10605
25494
31883
17215
31197
15277
407
7972
17327
11754
14306
10380
1132
18443
25552
24943
11722
25328
16697
20406
7336
5093
26817
11621
967
26287
12021
28549
17994
11352
22826
20434
32236
27322
17430
17705
10499
14542
22571
5808
15416
5042
26551
30147
5123
30844
21181
19106
489
20161
3217
8155
29045
28643
24373
22648
24824
22302
2166
7401
10752
18001
3270
10928
21913
27534
23512
29390
30790
21344
8958
13041
20925
13279
26946
30042
11366
23668
20806
9104
14482
22125
7388
6086
24443
576
20068
22797
18944
15775
1001
28218
5917
24127
26618
29589
32300
3432
21578
24390
22749
20541
519
8320
20726
18633
25594
1386
11723
31693
1635
5074
32125
10060
4242
16529
5618
30162
17477
12732
10648
6792
5829
30607
27609
8697
16319
26650
348
930
23011
2473
14338
16444
28990
14324
17051
6344
7000
28683
29804
10847
29965
28416
14433
31414
8748
3922
16402
16755
10961
4380
9848
31283
21122
14594
620
2904
17676
29142
9443
3475
13596
23822
32491
53
18588
32231
27492
30261
28371
27477
22655
2048
31803
13489
3320
5636
10273
25889
1299
10235
18431
20934
9048
29943
25753
7849
12557
24626
1242
9827
27256
30355
19052
12430
4817
14592
15385
8942
19465
16230
23012
6495
11838
137
22246
4222
23289
19084
5354
3863
2093
14400
15816
31314
16112
12077
5762
156
18934
12897
26656
18263
4050
5627
6731
18240
21741
24437
23468
932
8514
24245
29698
2114
17887
19411
7173
23039
15899
30120
30462
17996
26776
19739
2595
15704
21495
22827
19892
8949
7006
24508
13270
16970
3755
20257
16690
20542
8821
13421
4941
10399
25543
19065
28837
12822
27547
28085
16017
5323
3608
176
30934
12248
16779
3429
1800
31087
31015
12107
2983
13770
28541
4635
2293
12502
7353
4447
30616
26270
21666
17599
10996
18040
18511
1291
8006
31986
26538
13831
3457
28796
24230
24826
24809
23762
10816
27637
27248
14639
311
31204
28115
21811
3210
16214
25716
22673
11190
22540
4598
4472
16556
26947
18075
15815
16276
7361
27485
15088
32324
16545
13261
18599
32639
6111
4527
19027
13805
10147
18003
13106
31454
3406
11697
2378
13503
10565
8012
11027
26968
10880
195
17382
14283
18129
26167
6947
30285
11253
23649
10789
28577
30044
14446
9447
31833
12984
2465
24947
29644
19271
2215
18958
12502
18913
8377
17957
9810
24001
28276
17910
16216
7187
20600
23806
1847
20033
26050
5925
21809
22782
5578
29868
30713
2063
32348
14546
7405
19164
25399
30537
28435
11706
31591
3164
10709
7157
14434
27613
7037
13984
25317
29392
21359
19486
10636
10200
30760
15468
32052
5733
250
22068
22288
12443
20356
30865
17550
25601
25843
1443
21735
19694
12028
29138
17544
13492
10389
31715
548
18057
19062
22972
27030
10041
1875
26103
20600
23438
20438
6697
16515
10619
23134
25071
31661
24587
10874
4796
9724
12812
5156
5221
12588
3962
14013
1641
26116
10669
11212
28162
10104
3650
25974
14573
19327
1227
30909
8440
9650
6966
20345
15440
8106
3326
32278
18055
31510
28947
14611
28264
6558
23178
9782
13435
26235
22532
1423
9814
15827
32224
28211
682
28118
26400
6838
4617
11673
22812
357
16504
9653
30185
13384
17337
26271
10631
17627
23125
26821
15820
10118
28523
29294
16660
21218
12091
32590
11174
5802
22642
1516
28645
26243
22067
14004
24891
5228
28393
4315
7621
14083
5071
26871
26302
14205
7484
15706
5037
17251
32687
29746
3150
7693
17823
24417
30018
3552
23039
8733
31605
24903
28563
21575
27219
18290
4341
32652
30890
30929
9574
21054
30813
27471
30294
9200
21710
3663
433
10195
3081
19047
9455
26835
3761
16607
27866
27505
12971
1767
5662
4447
9356
22684
2707
6877
963
32697
26441
25046
5510
27165
22359
10937
14973
11265
20323
10009
4913
27125
30193
1539
32563
26271
17517
11811
25356
12339
11510
32150
24808
10673
20720
11148
28673
27618
5192
10149
32461
14864
6534
4873
3046
1672
29332
12101
25021
17104
4688
24297
24831
30633
19155
5090
1475
24771
25727
18328
4984
2114
6603
22726
5009
7669
974
27421
4845
1617
17292
9368
18952
23855
29700
25757
7140
26698
12533
20697
6069
13686
15988
21464
26959
24737
7471
26983
25680
15755
6014
21674
5645
24901
4911
7164
2621
18283
13326
26249
11879
3872
6966
6061
13
3022
20251
17419
29078
9627
6227
23662
12796
17834
24359
10847
17210
18966
21981
31370
2931
15791
31683
4305
19682
20338
17659
16941
12421
17866
29450
20553
20361
27017
27167
25309
26484
9381
3875
15051
9492
20658
31364
31482
12843
28963
3009
8950
29143
21825
10678
5956
6083
24039
15269
21382
1552
25346
9992
8788
7681
29900
24089
30420
28521
29891
19229
17439
29396
17004
9332
28244
14968
30665
30050
12664
17882
29083
26523
6676
25664
8024
6544
27532
20954
22251
3452
4161
31663
10286
32045
28518
5704
27687
7827
17571
29471
3078
9482
21867
16582
15322
2919
8222
8664
9495
29380
24798
18080
15560
8716
2097
30091
16788
29253
32603
11854
7538
13216
22137
21462
10028
22338
14429
2292
32661
27088
16429
11205
1673
10941
3258
7138
9129
19539
11681
14157
24275
10370
17956
14870
1124
30316
454
27856
20781
19628
13992
19895
25142
31850
20902
8350
25653
4384
26673
4506
16076
297
3050
22129
14214
23310
15364
31424
18576
31632
4182
17134
10039
6261
31299
20948
13861
11283
14154
32041
24411
3485
20844
31919
4589
16944
18753
24607
24449
21149
17881
30677
30086
12788
26195
7227
28211
213
4415
32759
13638
14710
23989
30932
31865
4211
29234
27505
31684
5721
30006
17836
31062
26097
27550
13260
21841
27468
8385
31856
5448
3987
29773
12091
11129
21899
10720
4669
30154
13035
5734
31264
12421
12894
18229
30999
22739
10838
32489
4230
15098
5270
9217
20849
10326
21118
32054
6054
4376
27157
22431
19370
32194
2008
29318
22373
9310
20805
19720
14733
5505
21542
12654
25554
15619
7838
6734
20430
12923
19445
19809
30379
5501
4643
18467
6034
29075
7198
23085
30935
26108
15587
2386
4069
3367
18247
7035
15339
24557
5755
25155
32579
4241
4960
9297
25511
6521
17040
16505
29970
31659
10024
26258
32631
26886
1623
533
31525
22085
22440
12922
21493
12467
28175
27987
30521
13230
9653
9765
21604
6622
8835
6153
15481
9779
27504
3335
19509
16544
28299
16173
19707
8857
14791
12147
14468
20301
29834
3663
19267
21411
26100
4630
20889
2550
5103
22297
7101
23953
18171
9595
17513
18921
32439
14548
13893
4509
9006
25991
7188
26926
32487
14307
10145
4478
19883
26876
23399
7690
27668
17735
17155
25319
29658
24824
18010
18046
20701
13852
906
29447
6898
2165
23442
9158
16494
11033
7616
2568
19827
969
32222
1500
23549
26642
16667
11922
30891
12326
19899
26357
2126
7032
2430
31047
31283
25369
13009
30465
21296
5589
8375
22599
23921
6668
5494
5933
2304
29010
4097
17068
18709
6598
18473
17762
31267
10547
16770
23565
7327
32232
8470
30662
28814
8535
12748
2045
15829
14448
17302
26680
21824
7611
20830
28043
5712
312
6574
20438
1477
10743
5665
27329
16622
13686
32141
4728
22963
28861
15598
30759
26463
10043
4881
23092
22574
863
15109
31807
20378
23798
20801
8923
7526
4423
24469
3849
6503
16624
15314
13689
28693
3966
9528
11647
11221
16591
19620
5078
1796
20520
13174
23832
21187
23830
3395
21497
32389
2565
4160
16199
3161
10402
24681
27554
32248
20464
372
5371
1678
14380
31609
27597
3401
30818
7774
12830
19618
459
4100
11316
6766
29933
4403
24856
9379
11377
9542
26316
12011
6595
2198
13899
7403
20332
8615
17221
21840
21807
22805
21399
18846
8677
1084
21132
11959
22296
20138
7126
12846
6754
20038
31306
14409
10372
11837
22111
28376
32325
7344
20580
16568
13073
26398
17028
30246
24909
29075
26236
3525
14459
29838
6934
6765
5394
11699
1388
12729
14875
28469
2526
14159
2187
14849
22736
4334
20579
20139
2852
3897
6026
24857
2683
5957
29285
23282
16683
22756
19004
22724
19966
7599
11596
19959
14256
31957
1196
31605
23591
32678
19424
9495
6000
735
9791
12750
24190
24755
28165
8854
18849
12190
6455
3099
19143
8681
4154
32552
2934
20987
21042
3027
11909
1894
795
19306
29085
16557
16298
7452
27251
3543
21217
359
23491
1973
10612
16453
24075
28658
7903
17942
22541
17887
68
25420
770
23548
24838
23256
30366
14917
7462
27480
30920
22851
9568
16125
3350
462
28932
28221
10
23970
12694
318
27150
1193
9253
7166
26161
4866
7275
16706
30879
5076
9642
22596
24802
19670
21825
24859
21467
13978
11024
1002
22910
11676
7058
26313
19025
10254
8115
30323
10402
31841
26230
3508
20875
1171
1096
10128
16807
10811
15393
2099
27025
10070
15968
2205
20000
1999
31075
28938
28773
14288
22505
3618
14689
10955
2345
27877
25990
26439
11950
26964
11252
875
3065
31712
7536
24139
5077
29076
30500
8694
28536
31489
25881
23100
23390
15853
28789
11327
30181
21946
5492
31425
23465
28312
15655
807
11677
26474
5871
16208
23790
9849
3513
6168
22680
3291
21751
13482
30916
13473
18785
29321
17384
26051
8560
21086
27037
28108
10647
25983
3903
17990
2112
2115
19015
13795
17802
29960
25704
22640
4803
31745
17771
14714
3495
27584
7882
28093
31574
30343
13583
22353
14103
8270
25322
147
20687
404
12821
14804
5951
27366
9704
26052
2560
13616
5051
8348
28480
19143
9471
11790
2362
13618
24347
23022
10103
15292
19720
14237
4038
24250
9899
27705
31484
15260
4597
28550
8556
9654
22973
28571
4901
32716
13912
17228
22510
8799
1022
5979
4866
23226
732
16990
9868
20155
31992
27502
4833
20834
28105
28564
3455
29723
1938
12788
3017
24779
12930
17079
15744
18589
24973
2234
13057
29577
22792
23032
11073
15529
17159
11960
17800
1851
11639
23414
4848
30837
19962
32146
17309
524
10117
1722
27577
2435
28092
4888
7223
14388
16904
30268
19267
16415
9854
10952
18571
8566
17007
4318
14640
15588
21711
10058
22411
16033
28742
11118
29344
11831
23832
19441
26979
12049
15541
23079
7597
15816
19231
9790
6908
30253
23040
29230
27885
11798
24967
10079
24955
28905
17158
15127
13045
10218
6477
28074
21953
31556
12996
20575
26066
14297
4426
15908
28650
17865
3025
13042
4753
31684
28086
11774
13009
23312
12257
2725
16566
89
10145
31764
18312
21820
18244
6074
17862
20114
19577
6767
2275
17276
30823
21601
2240
10547
11657
26563
32492
16269
3920
17972
13725
31310
32630
6384
19054
13108
5411
32696
24790
28864
27075
21122
108
19910
22434
20961
6877
19892
1612
29234
30121
10658
24743
11660
29600
25117
20684
2149
31264
8627
23978
13572
28171
15422
1626
427
1163
22257
30527
32128
25477
1316
29925
63
19934
26079
6295
162
22384
3624
15038
25995
23755
19469
9980
15863
15020
3696
30220
2979
317
32149
10584
3196
7954
4204
25687
11975
16351
10911
24493
7189
23291
3932
29184
1764
11669
13535
19099
10005
7352
17606
14789
4370
15104
21780
8927
21435
28186
9730
29760
2325
28669
28810
16593
17841
10218
4529
22375
4830
5924
7831
29667
24462
21872
11583
26124
5129
22859
24095
18983
13395
2030
29287
12124
15710
18690
31506
18376
10480
6691
27821
32353
17490
24086
9194
3725
17854
25547
9956
31106
19590
24849
12079
30044
14340
23835
18599
12799
325
18102
4342
4019
884
12872
25570
9080
24328
31624
92
9518
25517
18175
29256
9062
11508
8002
19725
6405
23993
10732
733
16543
9816
12382
25793
16781
399
30774
5996
4820
21553
10128
2236
12213
23440
12543
12815
31251
5800
841
13131
26249
5643
30950
4780
20040
24208
17207
11596
689
19131
19847
9332
32438
5867
21442
21412
20976
1094
10487
7012
8576
15973
27023
3273
23208
28606
5451
16838
29477
12501
19711
28216
21330
15906
12304
30127
17917
8385
5551
4605
2568
13788
7634
22145
25024
16601
22007
7217
15357
29762
28056
8808
21246
7544
13933
28789
23809
24343
27748
17375
10917
9768
353
6010
20224
17930
26805
3883
11648
26397
7776
21626
2434
13363
26119
12252
29620
29367
32179
27326
12587
29083
16463
18001
30787
31491
29664
4888
7994
13491
16258
13619
6283
6969
1318
8553
22796
986
6925
7927
967
20797
8451
23066
30616
18137
27996
4958
6795
10016
19888
30629
32498
2153
5974
27894
15945
3230
17313
24587
9675
26538
5085
24217
4304
24735
30983
2653
3309
14763
15184
12523
9162
10937
7504
5174
26305
23270
30474
12254
6204
1194
1188
1852
3787
12483
25827
18479
11784
13280
872
20133
4395
23315
27308
21737
17260
29428
14781
23726
8732
5524
14774
7391
17538
27432
20223
36
1398
18802
16970
52
2751
24046
7496
27101
26157
20162
5935
21973
11383
32355
19693
25150
7634
24070
16681
30971
15445
31437
24574
11957
27664
12718
630
1707
30950
13859
11720
10046
7726
22420
2642
19256
27661
12676
20053
31712
9873
12925
6258
24510
31374
9660
30184
10798
9273
11165
4235
30631
25478
19653
16515
8905
23105
5137
32202
24104
12270
23362
28003
7898
5986
13925
1627
9154
4638
10755
2689
9627
3438
6157
20196
31684
13638
3974
4113
16846
6359
27374
19977
18885
31988
26994
27652
26434
30760
11989
4073
24365
13459
22044
32136
2130
29577
764
27037
26795
12008
7684
133
23399
29757
10122
7357
3006
21910
19799
26912
20596
3109
12050
27357
13358
10393
32109
12089
13944
27964
24593
6410
4498
11725
20042
2543
4350
20763
18034
25424
17610
20582
4127
6937
7581
20597
29964
24629
15748
12407
7368
2765
2426
10906
30496
21565
18361
25197
24909
4826
22211
31990
29150
30055
18735
7827
5988
31312
29236
27281
30175
7852
12023
24717
12011
245
30868
13198
170
29572
2798
30432
26480
15055
11319
15535
11826
29539
24894
615
6572
23455
6780
1741
6740
32054
9692
26077
12545
29282
29006
5730
29275
17129
27146
9560
21761
5329
1188
19201
13949
11490
14804
13769
17129
31456
1027
9947
11101
11653
10645
15487
22304
2624
24569
1594
31626
1200
4978
16036
18106
20959
24482
18183
2301
29503
1243
16572
2297
30053
26150
24646
28317
24199
23567
22059
28873
2231
26678
27030
12732
25564
5527
8366
30273
23413
4500
4788
9113
23565
18887
16351
12327
13438
6794
2807
29406
20197
23107
12467
32107
32105
19824
22739
27937
22187
20342
7421
24232
24075
15401
8537
28773
29601
26138
6891
32680
18422
9636
24499
3225
20358
19637
23686
28896
29174
2909
3243
21781
28949
4376
20277
4334
17300
30428
13859
25122
24453
15841
11064
9760
12438
28467
1691
625
13834
10232
29487
10221
1147
7809
15536
7329
10065
27667
25490
14460
7680
10100
4762
16572
28934
7220
21049
19995
6816
10945
5547
27064
16207
7464
32212
3271
29198
31916
28117
28408
80
13320
19825
20392
443
2692
5411
9674
10151
17338
32763
25236
2133
28709
32572
13033
25071
14958
19383
27529
4420
15735
12517
3066
14400
12067
28103
1077
20524
27628
18302
10513
9131
12066
10666
880
27760
1028
28803
26156
4288
15232
14520
30399
15531
29386
20746
5300
21258
30367
10664
19409
29239
3926
23881
15617
2191
427
12299
10756
13481
20555
8207
4053
27987
2591
25553
31711
11600
12632
29256
2014
7892
1855
28865
10390
699
18618
8828
15159
20365
10141
13827
32139
17459
3254
3150
23781
27253
28311
21912
18378
17723
18721
8191
28252
9856
469
13278
7562
26901
17626
23018
8441
2587
9934
26383
22449
24126
5965
10760
26504
24241
28738
5825
15183
18926
11760
19308
14270
5163
7103
19301
21280
25499
455
3014
31677
5226
7966
11722
30988
117
31970
739
13205
1741
26117
13977
4008
3818
4059
14889
18112
943
16229
19929
27572
545
30555
17436
1443
14311
31483
23147
28061
11649
12692
17373
23314
30792
14033
16780
19195
4138
9158
25768
11722
17697
23740
22104
2066
4216
28604
16724
29174
15805
20446
14659
8531
10117
31055
15317
27309
994
18979
10144
25818
31909
7136
17596
7024
3924
27078
15133
31728
28906
4064
4787
27055
29009
28363
6467
9352
6816
73
18947
28227
2068
10373
4856
6852
12496
20516
5136
30451
8788
4880
13311
12911
26303
4099
9946
14322
4805
9429
17012
8322
14190
9094
15484
11613
13204
19467
11859
29858
8474
5849
31406
11455
23020
7218
28912
17054
20667
9266
19012
9871
14710
11160
23678
31731
15751
26966
7855
6062
14290
8407
23434
31050
13422
19730
11641
10987
12321
28755
8319
13303
21406
5316
5580
2689
9853
18878
17698
12154
30206
10706
30698
24982
27518
13717
23061
4864
3765
3887
31924
3517
12213
25250
26198
29408
29858
1755
19749
115
1842
9083
22207
18976
7651
26466
31189
20643
23807
7168
23942
9200
19281
8538
21113
31779
22181
7902
16828
29995
9217
29928
11616
22838
10148
15120
7888
9692
16578
22330
7926
14347
21757
31067
5132
19125
10147
2059
8514
13371
26794
18896
25621
3735
14188
22308
11113
13900
5411
8524
1132
19471
802
6616
14635
9522
18649
18168
7409
22229
7558
20613
16996
18379
12732
20939
30557
30029
21653
31768
8842
22113
12470
22022
24262
2568
23815
9095
28723
15402
15663
17077
28445
27970
28114
2391
17550
2249
14474
28467
21681
30308
19366
4374
29415
4557
12709
22692
31659
13697
17521
21728
12326
17454
6235
3962
12177
23771
6874
27356
10831
9685
24835
21747
10950
23133
25032
23229
4097
1811
6128
26775
5639
8480
18394
17220
2040
25639
25841
1469
30701
8937
21230
12219
6285
30394
32465
4357
5231
31143
2973
7545
32563
30564
3798
30172
15455
16632
6331
12643
30715
3879
1091
13310
3307
8099
19162
7527
29967
30961
22488
7405
7964
285
6086
13825
17976
21277
16207
16765
10072
32518
1544
14264
12378
8432
20704
3914
1249
31402
2149
15520
29940
31774
5820
7742
16726
26243
18781
25047
18851
30277
4754
11791
47
16308
26287
7434
16286
10862
12559
21436
24131
14221
7378
16880
6969
32401
11608
22293
16707
3340
25212
14283
7013
5392
25745
16433
5951
5720
29725
24301
12588
28217
6488
5368
1566
31303
20322
9775
10039
14790
10056
18073
2856
6615
7861
20601
14666
22623
9848
20243
2686
10678
5305
27199
7109
3348
32507
32431
20126
31676
14289
28415
29475
24294
27744
31105
30690
30829
7576
7878
15228
10813
28977
25837
23552
18554
5735
939
8197
25201
14966
17694
21897
11839
18645
10065
17037
835
29490
2702
876
3909
15664
30823
29439
12899
2019
20355
30835
11711
22791
24617
22245
4330
23044
17806
23234
4623
19106
2014
225
15583
25484
21260
29533
9280
25734
20058
30772
693
19054
24744
11681
30092
26868
28028
12345
16073
25624
22229
1735
14805
17768
20399
28649
28390
10487
19286
28007
28974
15900
5483
10582
29635
6128
24247
4337
16721
2437
19123
16690
641
2534
18899
8500
32552
23507
19606
17992
17968
30009
6991
32217
26695
25203
24240
6400
12617
8515
9499
21990
3182
12175
28841
733
32563
18907
6646
14141
26377
5514
5043
15872
26048
13012
23273
3613
10418
29318
8206
27813
30383
11133
29897
5278
12460
27616
2693
162
12586
544
19895
12855
13928
6577
27120
4845
17224
26501
674
19258
8962
8781
11442
11030
31626
17007
29889
85
6850
17862
32314
30407
27232
29468
1820
24080
13981
22887
23685
29001
13219
1735
3074
31827
28083
13115
23960
31487
4121
23335
25233
3552
11985
1414
9480
24810
32503
12783
17460
24531
10735
10825
2420
21542
10072
13389
16926
18727
18866
24256
27143
20842
27081
26222
29394
2610
23785
28389
13305
30858
8640
2807
20381
7205
28689
20717
6157
21495
5918
30347
16920
28815
22227
12488
28691
4155
8114
21322
25001
8410
25986
27555
21605
9087
28855
21582
24833
3531
23200
31592
24940
25863
8275
22830
11165
28420
30808
21050
11546
5298
22296
381
13127
21123
19971
9723
27759
21117
12676
12361
28052
3105
12710
11208
18679
1536
20867
32671
357
5398
26992
17274
26184
13805
8170
9220
9321
23410
1343
4901
6022
20374
15868
16379
10392
420
26650
4762
17632
24165
9959
10116
14775
3573
438
1767
275
13155
326
5017
19160
2572
14323
28116
20197
31924
8351
17841
13273
4713
94
22885
5801
19736
14051
6975
32483
21996
10670
15197
19391
4970
13811
4401
26090
1358
21833
8375
16914
547
24855
14196
50
12964
8383
23853
13211
26325
3719
5229
8134
8417
32588
9908
30171
29106
6373
30847
24320
850
17240
8444
24419
27909
191
16778
24070
11554
22520
22770
23885
25781
15888
3687
12361
12502
10861
12351
14530
15816
16829
25199
31238
28625
17314
14537
3188
15836
10010
14580
15815
6607
4528
47
27172
685
5476
2245
23010
7275
24923
19279
12315
27028
20807
14252
13814
668
1940
16833
3762
26371
32344
32241
8307
17457
15095
2395
15821
19980
4249
14806
23569
1370
7501
20910
25178
2010
28154
13083
23894
17953
29962
20357
9172
15157
16340
20090
14354
491
5837
10347
29124
25601
29807
12586
15588
16122
32485
20004
31037
23229
28795
21598
18101
3564
6856
18992
19037
19461
28824
2244
14394
31035
17052
31054
11729
8210
6865
27144
10612
25789
25264
14069
10831
21047
16410
16977
17713
23843
21762
30938
14875
14437
19928
24002
22155
22396
27321
23151
12421
15014
28503
19960
1638
24754
9642
6240
20328
31395
24404
7568
18676
15625
8661
31766
3243
27423
26995
29600
31539
30629
12006
14134
1986
22396
7111
10043
12395
25091
6583
12065
12075
23348
10319
17135
12210
893
9675
14452
5619
18783
30325
30793
8554
30920
14035
17032
31024
1073
25744
845
27840
17271
10795
29425
30087
17530
14689
32257
17709
2424
24667
12544
27814
20775
17816
9185
26615
17556
30360
8515
6857
9918
13646
1386
2479
25073
12355
4353
23607
3812
4490
11154
29618
20882
4199
20929
8899
10200
29118
11084
20906
1491
9021
1218
6990
23543
23881
10502
12044
25328
30633
22147
834
18745
23797
19500
9369
7805
18620
10811
11798
6320
15480
8869
13792
3821
22323
13663
15055
17934
31733
29779
24249
27405
29428
2849
31099
22302
29051
1686
20681
31112
13462
6125
182
839
6786
20424
24834
12387
26328
3308
29479
19214
7539
6847
9506
17536
8230
15235
29954
32659
31519
6736
16690
10526
3097
24787
20869
14865
28741
27849
25862
32597
25846
24889
20605
17249
1807
3956
31169
30108
7469
29645
15297
27509
22675
16921
32592
5956
14553
15845
5300
20703
32340
23162
6637
3068
22340
24209
31173
6218
13248
2006
20380
18254
27746
27167
15344
5118
10162
1641
30127
10271
10835
21911
9276
23390
32240
17129
20035
2096
6884
21053
26941
21099
172
28169
21954
15265
26893
6420
21650
8513
516
32759
16481
107
23154
9815
6246
7062
28036
11231
10146
24036
30948
25856
21745
6208
2465
17256
26578
29757
27614
19011
19957
14510
26942
2612
11657
15365
523
24850
20548
8300
3369
31075
13103
13733
27325
17817
18231
7330
13724
29454
11892
2276
8054
4289
566
15252
25535
26062
28116
5218
32097
13231
10805
21537
2851
24629
9755
27935
3799
17220
26419
32070
29510
5201
28637
19956
1244
13213
13755
30106
18707
19246
29947
30486
24737
914
27749
31441
24673
18515
20004
32152
19714
22585
29012
4411
9586
7490
4175
2792
10248
2146
8119
15173
15988
27899
2627
3151
15463
6170
23882
8437
23809
8055
12817
21107
11007
9259
24533
10095
16289
1327
17047
8406
1116
15768
8874
30837
25412
27285
2301
11607
4663
13604
3113
31201
25803
7063
25145
4014
20725
22218
17213
13611
4734
22305
26765
8434
6438
5444
13534
12007
11669
12954
20742
19221
30981
9606
18831
11846
23473
28004
30973
18532
15868
2626
19167
29842
18530
13406
9112
21258
11807
3940
30955
25781
30369
21860
26440
17548
29102
13717
20440
6833
16981
25292
19274
9548
11414
3514
32091
29478
4561
18152
5416
11272
18415
1140
1587
721
14162
18313
17975
11610
27517
7583
7084
32266
643
31096
18712
31544
10033
8149
8476
4163
507
9212
20282
13427
19623
12267
24935
9102
29883
5209
24148
1082
30887
23665
29820
6166
27571
24910
3566
20886
19623
6453
21720
27554
6972
7828
29911
24302
22597
10942
9472
20760
23709
100
18094
22915
13007
467
9482
14326
24456
28399
8539
22771
17597
1779
22547
17368
2972
2534
2709
20152
16692
21980
22983
13302
4579
7154
7516
26023
20355
26887
25566
15013
11859
32315
26494
20851
25767
13608
923
17620
6480
27619
30484
3626
19657
13489
32590
12687
10534
17801
6148
4021
25789
25422
27602
31102
9105
17608
16767
24922
898
10599
29197
18020
16183
8120
13186
13628
5063
14243
17524
31394
21802
7275
17495
25559
23906
21090
17543
10420
17001
5231
24084
23431
32473
3393
22607
31409
31070
26704
11288
0
5852
30360
28645
2509
17247
25365
30867
31189
7622
13053
15085
9688
12847
3520
14845
30195
28449
2240
3605
3262
16764
29392
20635
21797
801
23406
30872
4615
10337
20928
29696
19344
22567
5969
2495
13911
23268
17032
20616
28727
3133
3308
18012
12013
15223
18713
21724
15478
9886
15489
20048
23846
31864
22756
12147
31624
4397
4493
12804
13817
12723
18514
31757
10755
16891
3657
30705
6522
4573
13386
8505
17753
5316
26409
21019
6746
26649
21424
24014
2903
21617
3679
912
13667
13685
15075
1651
10663
29845
12118
30187
30974
620
3900
29465
23888
31473
6713
32469
7343
24675
10900
7294
563
6387
8044
21889
2198
6958
11964
27050
4750
30001
23312
14381
19694
6795
2308
11635
5755
9456
28801
16806
2447
29603
26039
21499
880
21921
13786
28354
17773
10894
5020
16431
3006
9825
20333
21478
13849
9166
22389
22856
24084
12662
15181
640
30526
17873
12161
18508
21755
17879
19654
7819
12835
19057
1788
25995
5722
20643
6114
9232
13613
16502
22939
22052
8945
30374
19684
23714
31580
15632
18194
22912
21984
24026
974
1247
9163
15712
5777
18132
21536
9954
30685
8692
22835
14318
10817
15010
27654
5774
13066
1816
10598
24114
25289
29750
25797
28508
10633
2829
19670
3598
29389
25387
15851
31475
17740
28068
24078
29519
8811
25829
24289
17320
24958
27960
310
22834
703
12822
13933
32251
13834
3120
31633
11227
4446
31804
18993
8729
13076
1664
15104
10717
19421
15135
13868
13658
19581
30503
19838
17848
13129
10838
7222
17346
13665
11695
18596
14164
16302
30401
902
2434
2970
13234
8485
15753
17298
7182
10286
19574
29501
594
29265
3992
16249
29238
15003
26023
8730
26558
13716
32433
9569
27391
3864
31432
23358
7346
27126
18285
3142
32634
15690
26554
23154
2549
11162
4947
21405
19844
12211
22539
12219
15835
15170
10837
14042
25927
9009
4209
2779
4546
30151
21586
20717
18105
5758
26705
30413
32663
15267
27284
4030
3865
10672
29500
1354
10065
18537
6482
6071
22135
28089
23151
27208
1139
31306
20781
5945
15659
9190
26193
1912
21388
2448
26805
2595
10586
28001
14326
26565
10168
12324
28131
27984
13431
27313
12960
10970
12318
16650
10141
25112
18621
19255
5435
24731
11634
12257
18232
16844
28344
19632
17374
21672
6003
2150
18928
8508
19132
10936
16719
18912
29292
22000
2671
17459
19050
32324
22654
9690
21685
31475
590
247
560
3365
30214
3179
7217
30848
15245
5068
15048
2442
12722
27429
21455
9665
29211
25200
11958
16764
2036
29908
18699
22400
25939
12191
30668
15969
17261
3330
20845
30623
22907
16014
11431
21628
5738
9074
16390
3230
18757
26225
11825
8809
25699
32678
2808
12570
18256
5624
9504
164
15228
31835
8430
31563
4005
18123
12148
24833
32262
13065
28317
21635
18749
24852
15866
7731
15357
5990
5195
16564
30584
3828
8653
15176
15497
738
19271
5609
7077
10
18898
4904
14208
12331
31595
9161
1662
7409
12346
30748
16096
9897
159
19225
22955
10944
30722
17219
22615
5632
8279
1337
14653
24203
14964
21532
18110
8595
12050
23460
11570
24799
1189
1
919
7165
26076
20339
13046
16711
1270
29096
26772
12952
26571
12505
32478
22988
26773
30883
2322
2297
30595
26278
28077
8814
26876
18655
15256
17520
23731
9670
9745
29871
2415
10791
21338
1930
31128
6336
27172
16135
1153
6048
2490
23952
4215
30522
6382
10350
27021
20300
6084
5639
14629
3442
24544
9175
27199
20873
32687
4144
1665
13252
7256
29617
22538
20624
1633
30344
23543
13865
27937
7527
20913
4089
23786
27207
29437
11188
29682
19679
8385
13365
31238
7907
4247
15893
18157
10237
18195
528
9117
25996
27348
24857
4640
4639
15437
3639
10308
10416
15953
31270
26885
24481
23392
23725
18619
22391
5044
30656
18436
31064
9
28758
20847
16709
13616
22792
17901
28696
21586
19055
25592
24893
21509
9530
30080
48
19984
23057
28826
6586
24062
21293
30440
1259
23653
23476
24518
24534
755
8405
14649
23567
17726
10408
27544
22245
27208
23235
27640
14688
13011
30364
10585
23545
6250
5025
8338
27164
28972
1817
17148
350
1111
19384
7137
2174
23448
18181
24739
31261
23829
2156
22444
7997
31286
24098
16921
30075
32567
23485
13349
15628
20335
11919
2135
27257
6749
23494
22891
30746
