COMP151 L2 Grades
Last Updated:
Thu May 31 19:02:04 HKT 2001



     ID               L1     L2     L3     L5     L7     L8    L10    L12         A1     A2     A3         MID    Exam
-----------------------------------------------------------------------------------------------------------------------         
    00000476          2      1      2      2      2      2      2      2         100     91    100          92     66  
    00001119          2      2      2      2      1      2      2      2         100     92    100          92    100  
    00001121          2      2    1.5    1.5    1.5      2      2      2         100     98     96          94     98  
    00005256          2      2      2    1.5    1.5    1.5      2      2         100     87    100          91    100  
    00011451          2      2      2      2      2      2      2      2          98     56     94          46     74  
    00014623          2      2      2      2      2      2      2      2          98   85.5    100          68     91  
    00031097          0      1      2      2    1.5      2      2      2          96     86     88          60     67  
    00031281          2      2      2      2      2      2      2      2         100    100    100          84     85  
    00032883          2      2      2      2    1.5      2      2      2         100     94     94          80     82  
    00032948          0      1      0    1.5    1.5      2      2      2          10   52.5    100          83     88  
    00051592          2      2      2      1      2      2      0      2          10   74.5    100          46     38  
    00051748          2      2      2      2      2      2    1.5      2         100     88     96          90     88  
    00054178          2      1      2      2      2      2      2      2          54   42.5     98          95     96  
    00066509          2      2      2      2      1      2      2      2         100   84.5     98        78.5     83  
    00074192          2      2      2      2      2      2      2      2          91     65    100          86     82  
    00087046          2      2      2      2    1.5    1.5      2      2          88   52.5     92          54     74  
    00087230          2      1      2      2    1.5      2      2      2          72     94     98          88     77  
    00089214          2      2      2      2      1      2      2      2          90     62    100        71.5     67  
    00095342          2      2      2      2    1.5      2    1.5      2          96   86.5    100        89.5     92  
    00101086          2      2      2      2      2      2      2      2         100     99    100          84     92  
    00101608          2      1      2      2      2      2      0      2          72     77    100          84     76  
    00102808          2      2      2      2      1      2      2      2         100   86.5    100         100     99  
    00103747          2      1      2      2    1.5      2      2      2          86   75.5     92          83     82  
    00103826          2      2      2      2      2      2      2      2         100     74    100        69.5     85  
    00118352          2      1    1.5      2    1.5      2      0      2          10      9     88          65     71  
    00119875          2      2      2      2      2      2      2      2          83     95    100          47     64  
    00121012          2      2      2      2      2    1.5      2      2         100   83.5    100          88     92  
    00123228          2      2      2      2      2      2      2      2          92     76    100          73     84  
    00135087          2      1      2      2    1.5      2    1.5      2          12   66.5     90        75.5     83  
    00144923          2      2      2    1.5      1      2      2      2          98   87.5     96          63     52  
    00147456          2      2      2      2      2      2      2      2          87     98    100          74     76  
    00148541          2      2      2      2      1      2    1.5      2          10   34.5     98          65     96  
    00149521          2      2      2      2    1.5      2    1.5      2         100     88     94          85     87  
    00152451          2      2      2      2      2      2      2      2          96     95     96        82.5     84  
    00158132          2      1      2      2      2      2      2      2         100     97     92          94     99  
    00159253          2      1      2      2      2      2      2      2          94     99     48          87     82  
    00162676          2      2      2      2      2      2      2      2          96     89    100          90     94  
    00163498          2      2      2      2      1      2      2      2          94    100     98         100     94  
    00163694          2      2      2      2    1.5      2      2      2          98     88     92          76     79  
    00169284          2      1      2      2      0      2      0      0          83   56.5     96          88     77  
    00172396          0      1    1.5      2    0.5      2      2      2          10     92     81        46.5     76  
    00173247          2      2      2      2      2      2      2      2           5     72     52        76.5     70  
    00173259          2      1      2      2      2      2      2      2         100    100     94          98     94  
    00173613          2      2      2      2      2      2      2      2          78     72     76        75.5     78  
    00184961          2      2      2    1.5      2      2    1.5      2          96     82     78          53     58  
    00194394          2      2      2      2    1.5      2      2      2          99     79     94        79.5     92  
    00194629          2      2      2      2      1      2      2      2          87     88    100          78     72  
    00194772          2      1      2      1      2      2      2      2          98   83.5    100          93     94  
    00196392          2      2      2      2      2      2      2      2          98     99     96        80.5     95  
    00198326          2      2      2      2      2      2      2      0          76     96    100          90     99  
    00205076          2      2      2      2    1.5      2      2      2          75     87     94        56.5     66  
    00213279          0      2      2      2      0      2      2      2          10     19     80        29.5     20  
    00213437          0      1      2      1      0      0      0      0          10     17      0        56.5      0  
    00213451          0      2      2      0      0      1      0      0          88     17      0        55.5      0  
    00213463          2      2      2      2      2      2      0      0         100     91    100          98    100  
    00213475          2      2      2      2      1      2      2      2          89     90     92          92     84  
    00214871          2      2      2      2      2      2      2      2          98    100     96          95     97  
    00218580          2      2      2      2      2      2      2      2          51     25     12        77.5     77  
    00222440          2      2      2      2      2      2      2      2         100     78     96          90     90  
    00223511          2      2      2      2      2      2      2      2          86   72.5     84          58     54  
    00231283          2      2      2      2    1.5      2      2      2         100   86.5     90         100     91  
    00231336          2      1      2      2      2      2      2      2         100     52    100          80     82  
    00235849          2      2      2      2      2      2      2      2          94     90    100          72     83  
    00235928          2      2      2      2      2      2      2      2         100   86.5    100          92    100  
    00235930          2      2      2      2      2      2      2      2         100    100    100          97     98  
    00235978          2      2      2      2      2      2      2      2         100     78     90          90     92  
    00240272          2      2      1      2      2      2      2      2          45     64     94          77     71  
    00241020          2      2      2    1.5      2      2    1.5      2          10     67     96          53     45  
    00242165          2      2      2      2      2      2      2      2          94     98     88        79.5     85  
    00242294          2      2      2      2      2      2      2      2          98   86.5    100          76     96  
    00248274          2      1      2      2    1.5    1.5      2      2          89     82    100          45     62  
    00249515          2      2      2      2      2      2      2      2         100     96    100        85.5     97  
    00252847          2      2      2      2      2      2      2      2          98     80    100        91.5     92  
    00253748          2      2      2      2      1      2      2      2          95     78     96          87     92  
    00255916          2      2      2      2    1.5      2      2      2         100     94    100          93     99  
    00258126          2      2      2    1.5    1.5      2      2      2          10     39    100          49     21  
    00259522          2      2      2      2    1.5      2      2      2          96    100     92          90     90  
    00261094          2      1      2      2      2      2      2      2         100     64     96          82     97  
    00266771          2      2      2    1.5      2      2    1.5      2          96     80     12          78     69  
    00272603          2      2      2      2      1      2      2      2          10     44     12        63.5     68  
    00273372          2      2    1.5      2      2      1      2      2          94   61.5     70          67     75  
    00274089          2      2      2      2      1      2      2      2         100     56    100        62.5     70  
    00276829          2      2      1      2    1.5      2      2      2          92   67.5    100          96     85  
    00276855          2      2      2    1.5      2      2      2      2          98     99    100        85.5     81  
    00277550          2      2      2      2      2      1      2      2          98   86.5     91          91    100  
    00278449          2      2      2      2    1.5      2      1      2          70     91     94        83.5     76  
    00279948          2      1      2      2      0      2    1.5      2          10     86     92          78     86  
    00286537          2      2      2      2    1.5      2      2      2          96     93     12          85     93  
    00288585          2      2      2      2      1      1      1      2          10   43.5    100        68.5     90  
    00293982          2      2      1      2      2    1.5      2      2          94   71.5    100          65     69  
    00315302          2      2      2      2      1      0    1.5      2          81   63.5     94          76     81  
    00315340          2      2      2      2      2      2      2      2          74   53.5     96          84     87  
    00315962          2      1      2      2      2      2      2      2          69     86    100        81.5     98  
    00334011          2      2      2      2      2      2      2      2         100    100     96         100     99  
    00336071          2      2      2      2      2      2      2      2          98    100    100          88     99  
    00338823          2      2    1.5      2      2      2      2      2          96    100    100        74.5   79.5  
    00354396          2      2    1.5    1.5      1      2      2      0          77   70.5     94        51.5     63  
    00358287          2      0      2      2      2      2      0      2          94     67     94          59     81  
    00370338          2      1      2      2      2      2      2      2          98     88     94          59     90  
    00502113          2      2      2      2      2      2      2      2          81     84    100          68     73  
    97058862         -1     -1     -1      0      0      0      0      0                                               
    97058864                                                                             17                        26  
    98411867          2      2      2      2      2      2      0      2         100     17     56        56.5     60  
    99093844          2      2    1.5      2    1.5      2      2      2          85     84     94        64.5     87  
    99101304          2      1    1.5    1.5    1.5      0      2      2          63     45     12          84     71  
    99141005          2      1      2      2      1      2      1      2          87   85.5     90          71     74  
    99287770          2      2    1.5    1.5      0    1.5    1.5      2          87     41     96        72.5     74  
    99650109          2      2      2      2    1.5      2      2      2          96    100    100          98     92  
    99650185          2      1    1.5      2    1.5      2      2      2         100     51     42          97     94  
    99650238          2      2      2      2    1.5      2      2      2          77    100     96        93.5     91  
