COMP151 L1 Grades
Last Updated:
Thu May 31 19:05:06 HKT 2001



     ID               L1     L2     L3     L5     L7     L8    L10    L12         A1     A2     A3         MID    Exam
-----------------------------------------------------------------------------------------------------------------------
    00010902          2      2      1      2      2      2      2      2         100     94     84          93     99  
    00011530          2      1      2      2      2      2      2      2          10   67.5     88          95     89  
    00014116          2      2      1      2      2      2      2      2          94     96    100          62     71  
    00016413          2      1      2      2      2      2      2      2         100     89     98        77.5     79  
    00025610          2      1      2      2      2      2      2      2          98   82.5    100          79     90  
    00025646          2      2      1      2      2      1      2      2          73    100    100          90     68  
    00025696          2      1      1      2      2      2      2      2          81     85     92          91     94  
    00030079          2      2      2      2      2      2      2      2         100     92     96          90    100  
    00030316          2      2      2      2    1.5      2      2      2          65    100     96          96     97  
    00031114          2      2      2      2    1.5      2      2      2          96     98    100        67.5     96  
    00031164          2      2      2      2      2      2      2      2         100     96    100          82     81  
    00033992          2      2      2      2      2      2      2      2          98     92     96          81     97  
    00035835          2      2      2      2      2      2      2      2          75     98     96          86     88  
    00042929          2      1      2      2      2      2      2      2         100     81     30          94     85  
    00043090          2      1      2      2    1.5    1.5      2      2         100     75    100          92     99  
    00054219          2      2      2      2      2      2      2      2         100    100     94          81     85  
    00059142          2      2      1      2      2      2      2      2          96     94     94          91     89  
    00065660          2      1      2      2    1.5      2      2      2          65     82     62        84.5     99  
    00069642          2      1    1.5      2      2      2      2      2         100     88    100        75.5     75  
    00073083          2      2      2      2      0      2      2      2          90     85     92          86     92  
    00077704          2      2      1      2      2      2      2      2          10   61.5     96        77.5     84  
    00087096          2      2      2      2    1.5      2      2      2         100     90     96          87     71 
    00087151          2      2      2      2      2      2      2      2          92     96    100        88.5     83  
    00096140          2      2      2      2      1      2      2      2         100     93     98          92     95  
    00101610          2      2      1      2      2      2      2      2          95     92     94          87     71  
    00102793          2      2      2    1.5    1.5      2      2      2          98     96     96          97     84  
    00102872          2      1      2      2    1.5      2      2      2          87     85    100          65     65  
    00102901          2      2      2    1.5    1.5      2      2      2         100    100    100        91.5     81  
    00102963          2      2      2      2      2      2    1.5      2          86     98    100          93     76  
    00103046          2      2      2      2    1.5      2      2      2         100     83    100          95     84  
    00107080          2      1      2      2      2      2      0      2         100   87.5     94          82     95  
    00110506          2      2    1.5    1.5      2      2      2      2          96     95     94        41.5     75  
    00117932          2      2      2      2      2      2      0      2          52    100     98          94     88  
    00118065          2      2    1.5      2      2      2      1      2          10     83     92          64     57  
    00134514          2      1    1.5    1.5      2      2    1.5      2          78     90     92          80     78  
    00142078          2      2      2      2    1.5      2      2      2          95     81    100          94     96  
    00142731          2      2      2      2      2      2      2      2         100    100     96          95     98  
    00142872          2      2      2      2    1.5      2      2      0          85     98     96          46     95  
    00144208          2      2      2      2      2      2      2      2          84    100     92          98     96  
    00147406          2      2      2      2      2      2      2      2         100    100    100          77     98  
    00148400          2      2      1      2      2      2      2      2         100     80     92          78     96  
    00148589          2      2      2      2      2      2      2      2         100   89.5    100        86.5     95  
    00148606          2      2      2      2      2      2      2      2          98    100    100          93     96  
    00149363          2      2      1      2      1      2      2      2          83     79     94          71     85  
    00150075          2      2      2      2      2      2      2      2         100     92    100        95.5     92  
    00150166          2      2      2      2      2      2      2      2          90    100     96          94     98  
    00150219          2      2      2      2    1.5      2      2      2          96     99    100        86.5     86  
    00158182          2      2      1      2      1      2      2      2          86     96    100        86.5     97  
    00159411          0      2      2      2      2      2      2      2          94     98     96          98    100  
    00163486          2      2      2      2      2      2      2      2          96     95     92          93     97  
    00163670          2      1      0      2      1      2      2      2          50     47     86          68     51  
    00169222          2      2      2      2      2      2      1      2          88     69     90          94     98  
    00184935          2      2      2      2      2      2      2      2          81     85    100          82     77  
    00186660          0      1      2      2    1.5      2      2      2          79     92     92          85     79  
    00187420          2      2      1      2      2      2      2      2          98     69     94          86    100  
    00202660          2      1      1      2      2      2      2      2          95     86     94        77.5     89  
    00202725          2      2      1      2      2      2      2      2          98     77     92        83.5     83  
    00205002          2      2    1.5      2      2      2      2      2          90     85     52        81.5     77  
    00205090          2      2   1.25      2      2      2      2      2          91    100    100         100    100  
    00205143          2      1      2      2    1.5      2      2      2          90    100     96          52     82  
    00205193          2      2      2      2      2      2      0      2          98   78.5      0          82     78  
    00216324          2      2      2      2    1.5      2      2      2          96   77.5     94          90     89  
    00219429          2      2    1.5      2      0      2      2      2          71   80.5     92          66     48  
    00220208          2      2      1      2      2      2      2      2         100     80    100          89     83  
    00226549          2      2    1.5      2      1      2    1.5      2          88     82     96          73     89  
    00226575          2      2      1      2      2      2      2      2          88     98    100          86     89  
    00226604          2      1      2    1.5      1      2      2      2          96     37     91          65     73  
    00232952          2      1      2      2    1.5      2    1.5      2         100     69     96          44     67  
    00233011          2      1      2      2      2      2      2      2         100     50     92        49.5     50  
    00235916          2      2      1      2      2      2      2      2         100     96     94          80     92  
    00242892          2      2      2      2      2      2      2      2         100     78     96          92     95  
    00243004          2      1      2      2    1.5      2      0      2          87     50     98        75.5     75  
    00248042          2      2    1.5      2    1.5      2      2      2          94    100    100        92.5     96  
    00254742          2      2      2      2      2      2      2      2          96     98    100          82     81  
    00254766          2      2      2      2      2      2      2      2          96     94     96          87    100  
    00254819          2      2      2      2      2      2      2      2         100     75     96          82     77  
    00255667          2      2    1.5      2    1.5    1.5      0      2          98   49.5     88        68.5     56  
    00255772          2      2      1      2      2      2      2      2          86     91    100          87     89  
    00256764          2      1      2    1.5    1.5      2      2      2          74     97    100          80     82  
    00258554          2      2      2      2    1.5      2      2      2         100     98    100          93     87  
    00260105          2      2      2      2    1.5      2      2      2          95     90    100          88     90  
    00260167          2      2      2      2      2      2      2      2         100     97      8          70     56  
    00263365          2      2      2      2      2      2      2      2          95    100     82          93     98  
    00265399          2      2      2      2      2      2      2      2         100     92     96          74     98  
    00268559          2      1      2      2      2      2      2      2         100     73     96          92     99  
    00270760          2      2      2    1.5    1.5      2      2      2          73     96    100          90     79  
    00277079          2      2      2      2    1.5      2      2      2          96     98     96          90     97  
    00278542          2      2      1      2      0      2      2      2         100     78     96        91.5     75  
    00278580          2      2      2      2      1      2      0      2          80     66     12        83.5     81  
    00278920          2      1      2      2      2      2      2      2          86     53     90          79     75  
    00281264          2      2      1      2      2      2      2      2          90     71     54          78     65  
    00282402          2      2      2      2      2      2      2      2         100    100    100          83     94  
    00285753          2      2      2      2      2      2      2      2          68     70     96          85     84  
    00289981          2      2      2      2      2      2      2      2         100     89     92          89     89  
    00290045          2      2      2      2      2      2      2      2          98    100     92          89     87  
    00295045          2      2      1      2      2      2      2      2          96    100    100          90     93  
    00300620          2      2      2      2      2      2      2      2          78    100     90          87     84  
    00312805          2      1      2      2    1.5      2      2      2          87    100     92          91     98  
    00313249          2      2      2      2      2      2      2      2          94     96     96          87     90  
    00313483          2      2      2      2    1.5      2      2      2          98     88    100          69     71  
    00318031          2      1    1.5      2    1.5      2      2      2          98     67    100        75.5     76  
    00333342          2      1      2    1.5    1.5      2      2      2          75     60     71        52.5     70  
    00345797          2      2      2      2    1.5      2      2      0          95   55.5     96          81     80  
    00346698          2      1      2      2      2      2      2      2         100   80.5    100          83     69  
    00355950          2      2      2      2      2      2      1      2         100     87     96          64     46  
    00375077          2      1    1.5      2    1.5      2    1.5      2          78     31     94        83.5     75  
    00387862          2      2      2    1.5    1.5      2      2      2         100     98     98          89     95  
    00537156          2      1      2      2    1.5      2      2      2         100    100    100          97     98  
    99025146          2      2      2      2      2      2      2      2         100    100    100          98    100  
    99025354          2      1      2      2    1.5      2      2      0         100     64    100          94     84  
    99650173          2      2      2    1.5      2      2      2      2          87     98     96        94.5     86  
    99650202          2      2      2    1.5      2      2      1      2          10     69     80          76     61  
    99650214          2      2      2      2    1.5      2      2      2          95     92     94        91.5     90  
