COMP151 L3 Grades
Last Updated:
Thu May 31 19:02:07 HKT 2001



      ID               L1     L2     L3     L5     L7     L8    L10    L12         A1     A2     A3         MID    Exam
-----------------------------------------------------------------------------------------------------------------------         
    00001092          2      2      2      2    1.5      2      2      2         100     98    100        90.5     98  
    00012572        2.0    2.0    2.0    2.0    2.0    1.0    2.0    2.0          10     96    100          88     68  
    00027711        2.0    1.6    2.0    2.0    2.0    2.0    2.0    2.0          89    100     88          78     98  
    00030134          2      2      2      2      2      2      2      2          97     88    100          93     93  
    00032766          2      1      2      2      2      2      1      2          55   75.5    100        85.5     90  
    00035653          2      2      2      2      2      2      2      2          95     90    100          83     88  
    00037584          2      2      2      2      2      2      2      2          98   66.5    100          90     98  
    00047254          2      2      2      2      2      2      2      2          96     55     94          88    100  
    00047292        2.0    1.6    2.0    2.0    2.0    2.0    2.0    2.0          81     96    100        68.5     73  
    00050380          2      1      2      2    1.5      2    1.5      0          10     24     96        65.5     77  
    00056695          2      1      2      0      1      2      2      2          10   64.5     88        54.5   55.5  
    00056827          2      2    1.5      2      2      2      2      2          96     83     76          45     51  
    00056853          2      2      2      2      2      2      2      2         100   72.5    100        64.5     84  
    00068662          2      2      2      2      2      2      1      2          94     82    100          68     98  
    00069721        2.0    1.6    2.0    2.0    2.0    2.0    2.0    2.0          96     84     86          79     86  
    00070756        2.0    1.6    2.0    2.0    2.0    2.0    2.0    2.0          82   85.5    100          88     91  
    00077912        2.0    1.6    2.0    2.0    2.0    2.0    2.0    2.0          98     69    100          69     90  
    00078655          2      2      2      2      2      2      2      2         100   63.5    100          78     76  
    00085206        2.0    2.0    1.5    2.0    1.6    1.5    2.0    2.0          36   61.5     76          55     60  
    00086365          2      2      2      2      2      2      2      2         100   84.5    100        87.5     97  
    00101476          2      2    1.5      2    1.5      2      2      2          90   81.5    100          77     87  
    00119904        2.0    2.0    2.0    2.0    2.0    2.0    2.0    2.0          90    100    100        92.5     98  
    00119916        2.0    1.6    2.0    2.0    2.0    2.0    2.0    2.0          84     74     88          99     79  
    00120082          2      1    1.5    1.5    1.5      2      2      2          10   63.5    100        51.5     61  
    00122262        2.0    2.0    2.0    2.0    2.0    2.0    2.0    2.0          87     93     12          91     96  
    00124454        2.0    1.0    2.0    2.0    2.0    2.0    2.0    2.0          80   65.5    100        59.5     86  
    00131926          2      1    1.5      2      1      1      1      0          96   70.5     96        81.5     60  
    00135192          2      1      1      0      1      1      0      0          10     80      0          52     67  
    00136483        2.0    2.0    2.0    2.0    2.0    2.0    2.0    2.0          98     98     96        93.5     88  
    00137683          2      2      2      2      2      2      2      2          94     99     92        85.5    100  
    00137750          2      1    1.5      2    1.5      2      2      2          63     41     88          81     70  
    00141713        2.0    1.6    2.0    2.0    2.0    2.0    2.0    2.0          89     70     88          80     73  
    00144246          2      2      2    1.5      2      2      2      2         100     59    100        73.5     92  
    00147535          2      1      2    1.5    1.5      2      1      2          98     53     80        61.5     73  
    00150142          2      2      2      2      2      2      2      0          84   63.5    100          93     85  
    00154461          2      2      2      2      2      2      2      2          98     98    100          86    100  
    00154708        2.0    2.0    2.0    2.0    1.0    2.0    2.0    2.0          86     86    100          77     95  
    00154966          2      1    1.5      2    1.5      2      2      2          96     90     94          57     77  
    00159370        2.0    1.6    1.5    2.0    2.0    2.0    2.0    2.0         100    100    100          77     88  
    00162585          2      2      2      2      2      2      2      2          96     98    100          70     89  
    00163371          2      2      2      2      2      2      2      2          80     91     90          80     98  
    00163474        2.0    1.6    2.0    2.0    2.0    2.0    2.0    2.0          92   77.5    100        90.5     98  
    00165214        2.0    2.0    2.0    2.0    2.0    2.0    2.0    2.0          83    100     52          93     88  
    00165226          2      2      2      2      2      2      2      2         100     90     91         100     97  
    00166270          2      2      2      2      2      2      2      2          22     68     91        60.5     92  
    00169181        2.0    2.0    2.0    2.0    2.0    2.0    2.0    2.0          94     82     88          93     87  
    00177592          2      1      2      2      2      0      2      2          72     80    100          56     61  
    00185111          2      2      2      2      2      2      2      0          68     17      0        45.5      0  
    00188084          2      1      2    1.5      2      2    1.5      2          49     82     92          64     62  
    00194423          2      2      2      2      2      2      2      2          99     70     88        68.5     80  
    00202622        2.0    2.0    2.0    2.0    2.0    2.0    2.0    2.0         100   80.5    100          89     80  
    00202684          2      1      2      2    1.5    1.5      2      2         100     67     94          67     88  
    00202763        2.0    1.6    2.0    2.0    2.0    2.0    2.0    2.0         100   57.5     86          95     87  
    00205129        2.0    1.6    2.0    2.0    2.0    0.0    0.0    2.0          44     84    100        50.5     71  
    00217031          2      2      2      2      2      2      2      2          67     91    100          94     90  
    00217914          2      1      2      2      2      2      2      2          88     84    100          69     81  
    00220753          2      1      2      2      2      2      2      0         100     92    100          56     98  
    00220789          2      2      2      2      2      2      2      2          95     65    100          96     97  
    00221379          2      1      2      2    1.5      2      2      2         100     86    100          95    100  
    00231312          2      2    1.5      2      2      2      2      2          61     98     92          90     91  
    00231879          2      1      2      0      0      0      0      0          61     17      0          21     68  
    00232005          2      0      0      0      0      0      0      0          88     17      0          44     32  
    00240947          2      1      2      0      2      2    1.5      2          96     69     96          52     49  
    00242828          2      2      2      2      2      2      2      2          75     95    100          83     88  
    00242878          2      2      2      2      2      2      2      2          98     46    100        71.5     95  
    00243573          2      2      2      2      2      2      2      2         100     87    100          87     78  
    00243767        2.0    1.0    2.0    2.0    2.0    2.0    2.0    2.0          90     95    100         100     92  
    00245882        2.0    2.0    2.0    2.0    2.0    2.0    2.0    2.0         100    100     92          98    100  
    00246018        2.0    2.0    2.0    2.0    2.0    2.0    2.0    2.0          94    100    100        97.5    100  
    00247335        2.0    0.0    0.0    0.5    0.0    0.0    0.0    0.0          96   82.5    100          63     79  
    00248145          2      1      2    1.5      2      2      2      0          10     80     96        56.5     46  
    00254596        2.0    2.0    0.0    2.0    1.0    2.0    2.0    2.0          10     63    100        78.5     86  
    00255954          2      2      2      2      2      2      2      2          98     100   100          82     82  
    00261484        2.0    1.6    2.0    2.0    1.9    1.9    2.0    2.0          89     91    100          77     84  
    00264620          2      2      2      2      2      2    1.5      2          96     98    100          82     79  
    00277548        2.0    2.0    2.0    2.0    2.0    2.0    2.0    2.0         100     95    100          98    100  
    00279924          2      1      2    1.5    1.5      2      1      1          65     61      0        75.5     53  
    00284369          2      2    1.5      2      2      2      2      2         100   94.5    100          88     86  
    00286496        2.0    1.6    2.0    2.0    2.0    2.0    2.0    2.0          88     59    100          80    100  
    00288444        2.0    2.0    1.0    2.0    2.0    2.0    2.0    2.0          88     88    100        95.5     97  
    00332843          2      2      2      2    1.5      2      2      2          96    100    100        89.5     98  
    00334736          2      2    1.5      2      2      2      2      2          90   82.5     92          62     82  
    00344767        2.0    1.6    2.0    2.0    2.0    2.0    1.0    2.0          62     52    100          81     89  
    00344781          2      2      2      2      2      2      2      2         100     61     88          80     90  
    00345515        2.0    1.6    2.0    2.0    2.0    2.0    2.0    2.0          86     63     68          85     79  
    00346909          2      1    1.5      2      2      2      2      0          51     74    100        78.5     86  
    00347630        2.0    1.6    2.0    2.0    2.0    2.0    2.0    2.0          93     63     84        68.5     50  
    00354475          2      1    1.5      2    1.5      2      2      2         100   86.5    100        91.5     89  
    00355649          2      1      2      2    1.5      2      2      2          10     71    100          55     73  
    00363268        2.0    2.0    2.0    2.0    2.0    2.0    1.5    2.0          87   56.5     90          77     63  
    00372764          2      1    1.5      1      2      1      1      2          10     85     88        66.5     74  
    00377221          2      1      2      2      2      2      2      2          59     92     76          74     86  
    00420092          2      2      2      2      2      2      2      2          10     79     96          41     41  
    00496170          2      2      2      2      2      2      2      2         100     87    100          75     84  
    98050986          2      1      2      2      2      2      1    1.5         100     90     88          86     70  
    98142571          2      2      2      2      2      2      2      2          98     87    100          92    100  
    98144476          2      1      2      2    1.5      2      2      2          98     77    100          98     95  
    98267876          2      2    1.5      1      2      2      1      2          92     20     84          65     75  
    98295964          2      2      2      2      2      2      2      2          98     66     91          74     89  
    99082558          2      2      2      2      2      2      1      2          73     27     34          60     36  
    99084532          2      1      2      2      2      2      2      2          81     70    100          69     75  
    99097527          2      2      2      2    1.5      2      2      2          78   76.5     96          88     78  
    99209534        2.0    2.0    2.0    2.0    2.0    2.0    2.0    0.0          10     84     92          55     52  
    99272787          2      2      2      2      2      2      2      2          78     92     94          79     72  
    99306289          2      2      2      2      2      2      2      2          80     84     94          79     97  
    99650032          2      2      2      2    1.5      2      2      2          96   86.5    100          98     98  
    99650044        2.0    1.6    1.5    2.0    2.0    2.0    1.5    2.0          63   59.5     92          90     88  
