  00000476  66 
  00001119  100 
  00001121  98 
  00005256  100 
  00011451  74 
  00014623  91 
  00031097  67 
  00031281  85 
  00032883  82 
  00032948  88 
  00051592  38 
  00051748  88 
  00054178  96 
  00066509  83 
  00074192  82 
  00087046  74 
  00087230  77 
  00089214  67 
  00095342  92 
  00101086  92 
  00101608  76 
  00102808  99 
  00103747  82 
  00103826  85 
  00118352  71 
  00119875  64 
  00121012  92 
  00123228  84 
  00135087  83 
  00144923  52 
  00147456  76 
  00148541  96 
  00149521  87 
  00152451  84 
  00158132  99 
  00159253  82 
  00162676  94 
  00163498  94 
  00163694  79 
  00169284  77 
  00172396  76 
  00173247  70 
  00173259  94 
  00173613  78 
  00184961  58 
  00194394  92 
  00194629  72 
  00194772  94 
  00196392  95 
  00198326  99 
  00205076  66 
  00213279  20 
  00213437  0 
  00213451  0 
  00213463  100 
  00213475  84 
  00214871  97 
  00218580  77 
  00222440  90 
  00223511  54 
  00231283  91 
  00231336  82 
  00235849  83 
  00235928  100 
  00235930  98 
  00235978  92 
  00240272  71 
  00241020  45 
  00242165  85 
  00242294  96 
  00248274  62 
  00249515  97 
  00252847  92 
  00253748  92 
  00255916  99 
  00258126  21 
  00259522  90 
  00261094  97 
  00266771  69 
  00272603  68 
  00273372  75 
  00274089  70 
  00276829  80 
  00276855  81 
  00277550  100 
  00278449  76 
  00279948  86 
  00286537  93 
  00288585  90 
  00293982  69 
  00315302  81 
  00315340  87 
  00315962  98 
  00334011  99 
  00336071  99 
  00338823  79.5 
  00354396  63 
  00358287  81 
  00370338  90 
  00502113  73 
  97058864  26 
  98411867  60 
  99093844  87 
  99101304  71 
  99141005  74 
  99287770  74 
  99650109  92 
  99650185  94 
  99650238  91 
