  00010902  99 
  00011530  89 
  00014116  71 
  00016413  79 
  00025610  90 
  00025646  68 
  00025696  94 
  00030079  100 
  00030316  97 
  00031114  96 
  00031164  81 
  00033992  97 
  00035835  88 
  00042929  85 
  00043090  99 
  00054219  85 
  00059142  89 
  00065660  99 
  00069642  75 
  00073083  92 
  00077704  84 
  00087096  66 
  00087151  83 
  00096140  95 
  00101610  71 
  00102793  84 
  00102872  65 
  00102901  81 
  00102963  75 
  00103046  84 
  00107080  95 
  00110506  75 
  00117932  88 
  00118065  57 
  00134514  78 
  00142078  96 
  00142731  98 
  00142872  95 
  00144208  90 
  00147406  98 
  00148400  96 
  00148589  95 
  00148606  96 
  00149363  85 
  00150075  92 
  00150166  98 
  00150219  86 
  00158182  97 
  00159411  100 
  00163486  97 
  00163670  51 
  00169222  98 
  00184935  77 
  00186660  79 
  00187420  100 
  00202660  89 
  00202725  83 
  00205002  77 
  00205090  100 
  00205143  82 
  00205193  78 
  00216324  89 
  00219429  48 
  00220208  83 
  00226549  89 
  00226575  89 
  00226604  73 
  00232952  67 
  00233011  50 
  00235916  92 
  00242892  95 
  00243004  75 
  00248042  96 
  00254742  81 
  00254766  100 
  00254819  77 
  00255667  56 
  00255772  89 
  00256764  82 
  00258554  87 
  00260105  88 
  00260167  56 
  00263365  98 
  00265399  98 
  00268559  99 
  00270760  79 
  00277079  97 
  00278542  75 
  00278580  81 
  00278920  75 
  00281264  65 
  00282402  94 
  00285753  84 
  00289981  89 
  00290045  87 
  00295045  93 
  00300620  83 
  00312805  98 
  00313249  90 
  00313483  71 
  00318031  76 
  00333342  70 
  00345797  80 
  00346698  69 
  00355950  46 
  00375077  75 
  00387862  95 
  00537156  98 
  99025146  100 
  99025354  84 
  99650173  86 
  99650202  61 
  99650214  90 
