  00001092  98 
  00012572  68 
  00027711  98 
  00030134  88 
  00032766  90 
  00035653  88 
  00037584  98 
  00047254  100 
  00047292  73 
  00050380  77 
  00056695  55.5 
  00056827  51 
  00056853  84 
  00068662  98 
  00069721  86 
  00070756  91 
  00077912  90 
  00078655  76 
  00085206  60 
  00086365  97 
  00101476  87 
  00119904  98 
  00119916  79 
  00120082  61 
  00122262  96 
  00124454  86 
  00131926  60 
  00135192  67 
  00136483  88 
  00137683  100 
  00137750  70 
  00141713  73 
  00144246  92 
  00147535  73 
  00150142  85 
  00154461  100 
  00154708  95 
  00154966  77 
  00159370  88 
  00162585  89 
  00163371  98 
  00163474  98 
  00165214  82 
  00165226  97 
  00166270  92 
  00169181  87 
  00177592  61 
  00185111  0 
  00188084  62 
  00194423  80 
  00202622  80 
  00202684  88 
  00202763  87 
  00205129  71 
  00217031  90 
  00217914  81 
  00220753  98 
  00220789  87 
  00221379  100 
  00231312  91 
  00231879  68 
  00232005  32 
  00240947  49 
  00242828  88 
  00242878  95 
  00243573  78 
  00243767  92 
  00245882  100 
  00246018  100 
  00247335  79 
  00248145  46 
  00254596  86 
  00255954  78 
  00261484  84 
  00264620  79 
  00277548  100 
  00279924  53 
  00284369  86 
  00286496  100 
  00288444  97 
  00332843  98 
  00334736  82 
  00344767  89 
  00344781  90 
  00345515  79 
  00346909  86 
  00347630  50 
  00354475  89 
  00355649  73 
  00363268  63 
  00372764  74 
  00377221  86 
  00420092  41 
  00496170  84 
  98050986  70 
  98142571  100 
  98144476  95 
  98267876  75 
  98295964  89 
  99082558  35 
  99084532  75 
  99097527  78 
  99209534  52 
  99272787  72 
  99306289  97 
  99650032  97 
  99650044  88 
