ID:      Qz1 Mid Qz2 Fin Total
------------------------------
94025024 140 250 85  305 780
94040153 150 280 140 400 970
94207787 125 280 115 320 840
94212043 140 240 125 270 775
94238645 80  165 80  150 475
94610051 130 265 130 275 800
95002433 105 195 120 320 740
95042653 135 185 135 255 710
95044182 95  165 65  255 580
95055363 135 285 140 255 815
95085942 100 165 30  235 530
95086829 130 260 145 325 860
95097323 125 220 80  355 780
95098107 135 210 95  235 675
95102881 135 195 50  335 715
95106265 150 230 140 345 865
95121538 125 215 130 215 685
95126693 70  190 85  270 615
95126746 105 235 60  340 740
95126849 100 245 100 300 745
95126899 130 185 75  280 670
95132862 130 200 85  300 715
95135199 150 220 115 355 840
95136337 110 210 85  330 735
95136387 130 210 115 0   455
95136454 140 190 65  325 720
95142025 105 210 50  320 685
95150072 140 235 110 370 855
95150101 140 230 75  255 700
95153878 140 230 75  380 825
95154224 140 260 140 355 895
95154236 145 240 85  225 695
95154274 140 260 150 380 930
95156985 140 225 135 355 855
95156997 150 290 150 400 990
95157020 125 230 135 340 830
95170618 80  185 35  285 585
95173232 140 265 130 320 855
95182128 140 240 65  265 710
95182221 125 225 75  260 685
95183471 140 240 150 390 920
95187142 95  65  10  115 285
95191090 110 220 40  280 650
95198086 80  290 125 365 860
95201493 100 240 35  325 700
95208348 140 245 130 390 905
95209407 135 185 125 295 740
95219426 130 225 85  235 675
95222502 140 290 140 320 890
95223207 140 260 95  335 830
95227095 150 250 140 265 805
95235999 150 260 140 250 800
95236096 150 290 130 400 970
95243465 120 185 85  270 660
95244641 130 220 120 365 835
95290133 150 180 30  230 590
95294165 120 245 100 360 825
95304233 120 235 130 370 855
95534759 125 275 80  250 730
95571197 95  230 60  330 715
96832677 150 295 150 370 965
96920541 140 295 105 380 920
----------------------------
Average: 127 231 100 308 766

